Year,log_RGDP,FOR1,RES1,STD1,LCI1,UCI1,log_RPCE,FOR2,RES2,STD2,LCI2,UCI2,log_GPDI,FOR3,RES3,STD3,LCI3,UCI3,log_RFGCE,FOR4,RES4,STD4,LCI4,UCI4
01JAN1967,12.63597607,,,,,,12.406352797,,,,,,11.154728207,,,,,,12.155275293,,,,,
01APR1967,12.636357488,,,,,,12.412242085,,,,,,11.138302698,,,,,,12.153570981,,,,,
01JUL1967,12.640093678,,,,,,12.414455226,,,,,,11.154728207,,,,,,12.158422807,,,,,
01OCT1967,12.643571104,,,,,,12.417089545,,,,,,11.169380495,,,,,,12.161787119,,,,,
01JAN1968,12.652304372,,,,,,12.427291315,,,,,,11.182699903,,,,,,12.169439299,,,,,
01APR1968,12.659573951,12.658115039,0.0014589129,0.0030100241,12.6522155,12.664014577,12.4338658,12.431968787,0.0018970128,0.002573468,12.426924883,12.437012692,11.201123897,11.210186872,-0.009062975,0.0138928944,11.182957299,11.237416444,12.171726454,12.170705743,0.0010207109,0.0034819476,12.163881251,12.177530235
01JUL1968,12.662691738,12.664772298,-0.002080559,0.0030100241,12.658872759,12.670671837,12.441946373,12.438735325,0.0032110472,0.002573468,12.433691421,12.44377923,11.192288613,11.215687724,-0.023399111,0.0138928944,11.188458151,11.242917297,12.173098818,12.174926789,-0.001827971,0.0034819476,12.168102297,12.181751281
01OCT1968,12.664623175,12.669003086,-0.004379911,0.0030100241,12.663103547,12.674902625,12.443904174,12.448739319,-0.004835145,0.002573468,12.443695414,12.453783224,11.206286044,11.204251803,0.0020342416,0.0138928944,11.17702223,11.231481375,12.173477643,12.175973498,-0.002495854,0.0034819476,12.169149006,12.182797989
01JAN1969,12.671320978,12.669817968,0.0015030098,0.0030100241,12.663918429,12.675717507,12.448737229,12.448607757,0.0001294727,0.002573468,12.443563852,12.453651661,11.236537261,11.213746594,0.022790667,0.0138928944,11.186517022,11.240976167,12.174554035,12.178572973,-0.004018938,0.0034819476,12.171748481,12.185397465
01APR1969,12.672716518,12.675480924,-0.002764407,0.0030100241,12.669581386,12.681380463,12.451510118,12.452940231,-0.001430113,0.002573468,12.447896326,12.457984135,11.237292338,11.248864554,-0.011572217,0.0138928944,11.221634981,11.276094127,12.173186268,12.17693141,-0.003745141,0.0034819476,12.170106918,12.183755902
01JUL1969,12.675420864,12.676176167,-0.000755303,0.0030100241,12.670276628,12.682075705,12.453608792,12.454836594,-0.001227802,0.002573468,12.44979269,12.459880499,11.249442961,11.250371798,-0.000928837,0.0138928944,11.223142226,11.277601371,12.174205227,12.17308273,0.0011224964,0.0034819476,12.166258239,12.179907222
01OCT1969,12.673527749,12.677041147,-0.003513398,0.0030100241,12.671141608,12.682940686,12.457063988,12.457524729,-0.000460741,0.002573468,12.452480824,12.462568633,11.234517284,11.248208303,-0.01369102,0.0138928944,11.220978731,11.275437876,12.168468019,12.17504827,-0.006580251,0.0034819476,12.168223778,12.181872762
01JAN1970,12.672753425,12.677046074,-0.004292649,0.0030100241,12.671146535,12.682945612,12.459739182,12.459634404,0.0001047782,0.002573468,12.454590499,12.464678308,11.225567713,11.245882183,-0.02031447,0.0138928944,11.218652611,11.273111756,12.166400509,12.169481354,-0.003080846,0.0034819476,12.162656863,12.176305846
01APR1970,12.673518539,12.676708324,-0.003189784,0.0030100241,12.670808785,12.682607862,12.461738568,12.463579151,-0.001840583,0.002573468,12.458535246,12.468623055,11.234264124,11.234393315,-0.000129191,0.0138928944,11.207163742,11.261622888,12.161427901,12.167461654,-0.006033754,0.0034819476,12.160637162,12.174286146
01JUL1970,12.67735141,12.677483605,-0.000132195,0.0030100241,12.671584066,12.683383144,12.465546425,12.465346756,0.0001996687,0.002573468,12.460302851,12.470390661,11.240299582,11.24509226,-0.004792678,0.0138928944,11.217862687,11.272321833,12.163310489,12.162114514,0.0011959746,0.0034819476,12.155290022,12.168939006
01OCT1970,12.672864127,12.681069339,-0.008205212,0.0030100241,12.6751698,12.686968878,12.464355393,12.469150891,-0.004795497,0.002573468,12.464106986,12.474194795,11.222196046,11.25480264,-0.032606594,0.0138928944,11.227573068,11.282032213,12.163519163,12.161242598,0.0022765645,0.0034819476,12.154418106,12.16806709
01JAN1971,12.684333598,12.674992201,0.0093413967,0.0030100241,12.669092662,12.68089174,12.47259557,12.46717588,0.0054196895,0.002573468,12.462131976,12.472219785,11.277609214,11.222663983,0.0549452315,0.0138928944,11.19543441,11.249893556,12.157184682,12.162655806,-0.005471124,0.0034819476,12.155831314,12.169480298
01APR1971,12.686806022,12.688638824,-0.001832802,0.0030100241,12.682739285,12.694538363,12.476556305,12.476239361,0.000316944,0.002573468,12.471195456,12.481283265,11.295127085,11.30522983,-0.010102745,0.0138928944,11.278000257,11.332459403,12.156185573,12.157158848,-0.000973275,0.0034819476,12.150334356,12.16398334
01JUL1971,12.69019608,12.691738035,-0.001541955,0.0030100241,12.685838497,12.697637574,12.480006943,12.480086889,-0.000079947,0.002573468,12.475042985,12.485130794,11.305566314,11.317466318,-0.011900005,0.0138928944,11.290236745,11.344695891,12.156064312,12.156523926,-0.000459613,0.0034819476,12.149699434,12.163348418
01OCT1971,12.691461665,12.693337815,-0.001876149,0.0030100241,12.687438276,12.699237353,12.487166667,12.485326761,0.001839906,0.002573468,12.480282857,12.490370666,11.297541668,11.309337535,-0.011795867,0.0138928944,11.282107963,11.336567108,12.153082804,12.153674969,-0.000592164,0.0034819476,12.146850477,12.160499461
01JAN1972,12.699178416,12.697025806,0.0021526097,0.0030100241,12.691126267,12.702925345,12.49287209,12.491329654,0.0015424361,0.002573468,12.48628575,12.496373559,11.328379603,11.320579801,0.0077998021,0.0138928944,11.293350229,11.347809374,12.155123394,12.154023179,0.0011002151,0.0034819476,12.147198687,12.160847671
01APR1972,12.709125738,12.704387516,0.0047382216,0.0030100241,12.698487977,12.710287055,12.501086662,12.497899091,0.0031875709,0.002573468,12.492855186,12.502942995,11.35564305,11.344903418,0.0107396327,0.0138928944,11.317673845,11.37213299,12.157758886,12.156754947,0.0010039389,0.0034819476,12.149930455,12.163579439
01JUL1972,12.713103958,12.715232157,-0.002128199,0.0030100241,12.709332618,12.721131696,12.507734468,12.506487605,0.0012468629,0.002573468,12.501443701,12.51153151,11.367542274,11.37871102,-0.011168747,0.0138928944,11.351481448,11.405940593,12.149003452,12.157520996,-0.008517544,0.0034819476,12.150696504,12.164345487
01OCT1972,12.720258559,12.719768133,0.0004904265,0.0030100241,12.713868594,12.725667672,12.517802694,12.513176037,0.0046266576,0.002573468,12.508132132,12.518219941,11.379668034,11.39673812,-0.017070086,0.0138928944,11.369508548,11.423967693,12.152318927,12.147384015,0.0049349126,0.0034819476,12.140559523,12.154208507
01JAN1973,12.730822636,12.728023756,0.0027988793,0.0030100241,12.722124218,12.733923295,12.525666634,12.524222327,0.0014443077,0.002573468,12.519178422,12.529266231,11.40534636,11.40353357,0.0018127902,0.0138928944,11.376303997,11.430763143,12.15582169,12.155028264,0.0007934257,0.0034819476,12.148203772,12.161852756
01APR1973,12.735718634,12.738738009,-0.003019376,0.0030100241,12.73283847,12.744637548,12.52548536,12.53061829,-0.00513293,0.002573468,12.525574385,12.535662194,11.428458774,11.432153909,-0.003695136,0.0138928944,11.404924337,11.459383482,12.153662454,12.157315195,-0.003652741,0.0034819476,12.150490703,12.164139687
01JUL1973,12.733349763,12.737904087,-0.004554324,0.0030100241,12.732004549,12.743803626,12.527023786,12.529592364,-0.002568579,0.002573468,12.52454846,12.534636269,11.422097163,11.429477242,-0.007380079,0.0138928944,11.40224767,11.456706815,12.148108858,12.151169941,-0.003061084,0.0034819476,12.144345449,12.157994433
01OCT1973,12.737383499,12.73567953,0.0017039691,0.0030100241,12.729779991,12.741579069,12.525757243,12.529755636,-0.003998393,0.002573468,12.524711732,12.534799541,11.448551739,11.42742042,0.0211313195,0.0138928944,11.400190847,11.454649992,12.151001908,12.148821437,0.0021804707,0.0034819476,12.141996945,12.155645929
01JAN1974,12.733758836,12.737554457,-0.003795621,0.0030100241,12.731654918,12.743453995,12.521948359,12.525392325,-0.003443966,0.002573468,12.52034842,12.530436229,11.428782511,11.446591268,-0.017808757,0.0138928944,11.419361696,11.473820841,12.159085714,12.153485517,0.0056001962,0.0034819476,12.146661026,12.160310009
01APR1974,12.734903792,12.731281072,0.0036227198,0.0030100241,12.725381533,12.737180611,12.523473322,12.521796549,0.0016767726,0.002573468,12.516752644,12.526840453,11.443106457,11.409473738,0.0336327183,0.0138928944,11.382244166,11.436703311,12.16184696,12.158432804,0.0034141552,0.0034819476,12.151608312,12.165257296
01JUL1974,12.730677322,12.734373473,-0.003696151,0.0030100241,12.728473935,12.740273012,12.525252182,12.524373677,0.0008785049,0.002573468,12.519329772,12.529417581,11.432969291,11.445825165,-0.012855874,0.0138928944,11.418595592,11.473054738,12.162415036,12.16249924,-0.000084204,0.0034819476,12.155674748,12.169323732
01OCT1974,12.72893786,12.731876304,-0.002938444,0.0030100241,12.725976765,12.737775843,12.518842826,12.526205506,-0.00736268,0.002573468,12.521161602,12.531249411,11.449169732,11.434704954,0.0144647786,0.0138928944,11.407475381,11.461934526,12.164323109,12.167156939,-0.00283383,0.0034819476,12.160332447,12.173981431
01JAN1975,12.723652661,12.725749638,-0.002096977,0.0030100241,12.719850099,12.731649177,12.522457275,12.521278268,0.0011790072,0.002573468,12.516234363,12.526322173,11.387923467,11.418254495,-0.030331028,0.0138928944,11.391024922,11.445484067,12.16911578,12.167250921,0.0018648592,0.0034819476,12.160426429,12.174075413
01APR1975,12.72698787,12.723297511,0.0036903595,0.0030100241,12.717397972,12.72919705,12.529648474,12.52534172,0.0043067533,0.002573468,12.520297816,12.530385625,11.386142109,11.378042863,0.0080992457,0.0138928944,11.350813291,11.405272436,12.166193215,12.169659754,-0.003466538,0.0034819476,12.162835262,12.176484246
01JUL1975,12.734111451,12.732030271,0.0020811806,0.0030100241,12.726130732,12.73792981,12.535812938,12.533554089,0.0022588481,0.002573468,12.528510185,12.538597994,11.42357352,11.409874001,0.0136995183,0.0138928944,11.382644429,11.437103574,12.173040508,12.168941519,0.0040989885,0.0034819476,12.162117027,12.175766011
01OCT1975,12.739920273,12.73997665,-0.000056377,0.0030100241,12.734077111,12.745876189,12.540392049,12.541351879,-0.00095983,0.002573468,12.536307975,12.546395784,11.441223674,11.437223459,0.0040002151,0.0138928944,11.409993886,11.464453032,12.177074546,12.177383114,-0.000308568,0.0034819476,12.170558622,12.184207605
01JAN1976,12.749620385,12.745752372,0.0038680132,0.0030100241,12.739852833,12.751651911,12.548990994,12.54553416,0.0034568338,0.002573468,12.540490255,12.550578064,11.483729899,11.458739767,0.0249901319,0.0138928944,11.431510194,11.48596934,12.177969136,12.176606902,0.0013622336,0.0034819476,12.169782411,12.183431394
01APR1976,12.752893155,12.755139409,-0.002246254,0.0030100241,12.74923987,12.761038948,12.552960081,12.555392431,-0.002432351,0.002573468,12.550348527,12.560436336,11.508260306,11.509499616,-0.00123931,0.0138928944,11.482270043,11.536729188,12.173594139,12.179412462,-0.005818323,0.0034819476,12.17258797,12.186236954
01JUL1976,12.755097001,12.756563225,-0.001466224,0.0030100241,12.750663687,12.762462764,12.557543291,12.557398591,0.0001447006,0.002573468,12.552354686,12.562442495,11.516270883,11.517985484,-0.001714601,0.0138928944,11.490755911,11.545215057,12.171404635,12.176315407,-0.004910772,0.0034819476,12.169490915,12.183139899
01OCT1976,12.758344063,12.759096454,-0.000752391,0.0030100241,12.753196915,12.764995993,12.563184335,12.56317481,9.5244771E-6,0.002573468,12.558130906,12.568218715,11.528402438,11.522970205,0.0054322325,0.0138928944,11.495740633,11.550199778,12.171550946,12.172871673,-0.001320727,0.0034819476,12.166047181,12.179696165
01JAN1977,12.763368087,12.763436182,-0.000068095,0.0030100241,12.757536643,12.76933572,12.568119552,12.567892505,0.0002270479,0.002573468,12.5628486,12.572936409,11.556664262,11.545940127,0.0107241348,0.0138928944,11.518710555,11.5731697,12.175308825,12.173729207,0.0015796177,0.0034819476,12.166904715,12.180553699
01APR1977,12.771807879,12.768024743,0.0037831362,0.0030100241,12.762125204,12.773924282,12.570507915,12.573064441,-0.002556527,0.002573468,12.568020537,12.578108346,11.590730406,11.572150007,0.0185803988,0.0138928944,11.544920434,11.59937958,12.179551791,12.176320499,0.003231292,0.0034819476,12.169496007,12.183144991
01JUL1977,12.779423316,12.773236881,0.0061864352,0.0030100241,12.767337342,12.77913642,12.574633072,12.574240829,0.000392243,0.002573468,12.569196925,12.579284734,11.617105231,11.59202791,0.0250773208,0.0138928944,11.564798337,11.619257482,12.180527283,12.17891918,0.001608103,0.0034819476,12.172094688,12.185743672
01OCT1977,12.779466616,12.780338657,-0.000872041,0.0030100241,12.774439118,12.786238196,12.581130106,12.578627571,0.0025025343,0.002573468,12.573583667,12.583671476,11.625621081,11.621629344,0.0039917376,0.0138928944,11.594399771,11.648858917,12.179580513,12.179848774,-0.000268261,0.0034819476,12.173024282,12.186673266
01JAN1978,12.780979412,12.78405552,-0.003076107,0.0030100241,12.778155981,12.789955059,12.583629453,12.585118038,-0.001488585,0.002573468,12.580074133,12.590161942,11.638289535,11.644869628,-0.006580093,0.0138928944,11.617640055,11.672099201,12.180097189,12.182677762,-0.002580573,0.0034819476,12.17585327,12.189502254
01APR1978,12.797544514,12.784535386,0.0130091285,0.0030100241,12.778635847,12.790434925,12.59279832,12.586479394,0.0063189257,0.002573468,12.58143549,12.591523299,11.672651923,11.641373488,0.0312784351,0.0138928944,11.614143915,11.66860306,12.19147896,12.184264244,0.0072147169,0.0034819476,12.177439752,12.191088735
01JUL1978,12.801767185,12.800974577,0.0007926082,0.0030100241,12.795075038,12.806874116,12.594613509,12.598293959,-0.00368045,0.002573468,12.593250055,12.603337864,11.692318044,11.681924927,0.0103931172,0.0138928944,11.654695354,11.7091545,12.194902674,12.192748398,0.0021542767,0.0034819476,12.185923906,12.19957289
01OCT1978,12.807555322,12.803824336,0.0037309853,0.0030100241,12.797924798,12.809723875,12.598078863,12.599001143,-0.00092228,0.002573468,12.593957238,12.604045047,11.712481338,11.698683337,0.0137980012,0.0138928944,11.671453764,11.725912909,12.198821978,12.194136364,0.0046856137,0.0034819476,12.187311872,12.200960856
01JAN1979,12.808413551,12.808138731,0.0002748208,0.0030100241,12.802239192,12.814038269,12.600275724,12.600540701,-0.000264978,0.002573468,12.595496797,12.605584606,11.720820582,11.706918048,0.013902534,0.0138928944,11.679688475,11.734147621,12.195041281,12.200167046,-0.005125765,0.0034819476,12.193342554,12.206991538
01APR1979,12.808939814,12.811390273,-0.002450459,0.0030100241,12.805490734,12.817289811,12.600024904,12.601533899,-0.001508995,0.002573468,12.596489994,12.606577803,11.73183042,11.730003977,0.0018264428,0.0138928944,11.702774405,11.75723355,12.199480915,12.200761688,-0.001280774,0.0034819476,12.193937197,12.20758618
01JUL1979,12.812050593,12.809117575,0.0029330178,0.0030100241,12.803218036,12.815017114,12.604269264,12.602624914,0.0016443504,0.002573468,12.597581009,12.607668818,11.736874362,11.721692869,0.0151814929,0.0138928944,11.694463296,11.748922441,12.200056666,12.20231132,-0.002254654,0.0034819476,12.195486828,12.209135812
01OCT1979,12.813173855,12.814352854,-0.001178998,0.0030100241,12.808453315,12.820252392,12.605434345,12.606567175,-0.001132829,0.002573468,12.60152327,12.611611079,11.7387013,11.745125934,-0.006424633,0.0138928944,11.717896361,11.772355507,12.202869588,12.201683692,0.0011858959,0.0034819476,12.1948592,12.208508184
01JAN1980,12.81457386,12.814282766,0.0002910937,0.0030100241,12.808383228,12.820182305,12.604765885,12.60830048,-0.003534595,0.002573468,12.603256575,12.613344384,11.743979865,11.73861896,0.0053609056,0.0138928944,11.711389387,11.765848532,12.209568628,12.203502975,0.0060656529,0.0034819476,12.196678483,12.210327467
01APR1980,12.80567753,12.81388297,-0.00820544,0.0030100241,12.807983431,12.819782509,12.59488955,12.607419105,-0.012529556,0.002573468,12.602375201,12.61246301,11.715418323,11.72794517,-0.012526848,0.0138928944,11.700715598,11.755174743,12.211093831,12.211555088,-0.000461257,0.0034819476,12.204730596,12.21837958
01JUL1980,12.80501804,12.800415135,0.0046029058,0.0030100241,12.794515596,12.806314673,12.599544671,12.593617506,0.0059271643,0.002573468,12.588573602,12.598661411,11.694692926,11.679280714,0.0154122124,0.0138928944,11.652051141,11.706510287,12.204635401,12.211724931,-0.00708953,0.0034819476,12.20490044,12.218549423
01OCT1980,12.812993527,12.804840296,0.008153231,0.0030100241,12.798940757,12.810739835,12.605261938,12.600355656,0.0049062821,0.002573468,12.595311751,12.60539956,11.741545517,11.698529992,0.0430155251,0.0138928944,11.671300419,11.725759564,12.204608289,12.206295859,-0.00168757,0.0034819476,12.199471367,12.213120351
01JAN1981,12.821886743,12.817453447,0.0044332968,0.0030100241,12.811553908,12.823352985,12.607540801,12.607095901,0.0004449008,0.002573468,12.602051996,12.612139805,11.791971201,11.769049681,0.0229215198,0.0138928944,11.741820109,11.796279254,12.210264999,12.20905414,0.0012108593,0.0034819476,12.202229648,12.215878632
01APR1981,12.818707443,12.824152563,-0.005445121,0.0030100241,12.818253025,12.830052102,12.607465746,12.611279011,-0.003813265,0.002573468,12.606235107,12.616322916,11.78518742,11.796230214,-0.011042794,0.0138928944,11.769000642,11.823459787,12.211627723,12.207878789,0.0037489337,0.0034819476,12.201054298,12.214703281
01JUL1981,12.823663295,12.819797544,0.0038657508,0.0030100241,12.813898006,12.825697083,12.609210097,12.610779218,-0.001569122,0.002573468,12.605735314,12.615823123,11.814447379,11.786712232,0.0277351468,0.0138928944,11.759482659,11.813941804,12.209943736,12.208943486,0.00100025,0.0034819476,12.202118994,12.215767978
01OCT1981,12.818562374,12.822530018,-0.003967643,0.0030100241,12.816630479,12.828429557,12.605940397,12.611070446,-0.005130049,0.002573468,12.606026542,12.616114351,11.808481057,11.808463206,0.0000178504,0.0138928944,11.781233633,11.835692779,12.214817366,12.212385082,0.0024322843,0.0034819476,12.20556059,12.219209573
01JAN1982,12.811239773,12.816783715,-0.005543943,0.0030100241,12.810884176,12.822683254,12.608804064,12.607476662,0.0013274019,0.002573468,12.602432758,12.612520567,11.769598848,11.789806096,-0.020207248,0.0138928944,11.762576524,11.817035669,12.214366922,12.218652875,-0.004285954,0.0034819476,12.211828383,12.225477367
01APR1982,12.813594331,12.813001174,0.000593157,0.0030100241,12.807101635,12.818900713,12.610404621,12.611626589,-0.001221968,0.002573468,12.606582684,12.616670494,11.773493892,11.770064686,0.0034292061,0.0138928944,11.742835113,11.797294259,12.217194318,12.215618107,0.0015762106,0.0034819476,12.208793615,12.222442599
01JUL1982,12.812030508,12.81487097,-0.002840462,0.0030100241,12.808971431,12.820770509,12.61374671,12.61298227,0.0007644402,0.002573468,12.607938366,12.618026175,11.773054693,11.771201489,0.0018532046,0.0138928944,11.743971916,11.798431062,12.219924913,12.221509286,-0.001584373,0.0034819476,12.214684795,12.228333778
01OCT1982,12.812452091,12.815506732,-0.003054641,0.0030100241,12.809607193,12.821406271,12.621602056,12.619764476,0.0018375794,0.002573468,12.614720572,12.624808381,11.739730529,11.777401513,-0.037670984,0.0138928944,11.75017194,11.804631086,12.22680605,12.222580549,0.0042255001,0.0034819476,12.215756058,12.229405041
01JAN1983,12.818107073,12.818351748,-0.000244675,0.0030100241,12.81245221,12.824251287,12.625806154,12.6265857,-0.000779546,0.002573468,12.621541796,12.631629605,11.752432609,11.756479464,-0.004046855,0.0138928944,11.729249891,11.783709037,12.230934038,12.227649032,0.0032850064,0.0034819476,12.22082454,12.234473524
01APR1983,12.827905347,12.823001207,0.0049041405,0.0030100241,12.817101668,12.828900746,12.634316017,12.631937803,0.0023782138,0.002573468,12.626893899,12.636981708,11.788026884,11.758548335,0.0294785495,0.0138928944,11.731318762,11.785777907,12.23530114,12.235504054,-0.000202914,0.0034819476,12.228679562,12.242328546
01JUL1983,12.836324116,12.833554211,0.0027699043,0.0030100241,12.827654673,12.83945375,12.641870545,12.640951324,0.000919221,0.002573468,12.63590742,12.645995229,11.814447379,11.806503644,0.0079437348,0.0138928944,11.779274071,11.833733216,12.242367477,12.237828315,0.0045391616,0.0034819476,12.231003823,12.244652807
01OCT1983,12.845191093,12.843045458,0.0021456352,0.0030100241,12.837145919,12.848944997,12.648662448,12.647111917,0.0015505312,0.002573468,12.642068012,12.652155821,11.856426772,11.839192242,0.0172345308,0.0138928944,11.811962669,11.866421814,12.235023159,12.244924783,-0.009901623,0.0034819476,12.238100291,12.251749274
01JAN1984,12.853734706,12.850454928,0.0032797775,0.0030100241,12.844555389,12.856354467,12.652333385,12.654207739,-0.001874354,0.002573468,12.649163835,12.659251644,11.898121576,11.875745843,0.0223757327,0.0138928944,11.84851627,11.902975416,12.24007476,12.236740924,0.0033338354,0.0034819476,12.229916432,12.243565416
01APR1984,12.861295394,12.856206239,0.0050891545,0.0030100241,12.8503067,12.862105778,12.658478847,12.657265136,0.0012137105,0.002573468,12.652221232,12.662309041,11.913230871,11.900469632,0.0127612392,0.0138928944,11.873240059,11.927699205,12.249711867,12.242671537,0.0070403296,0.0034819476,12.235847045,12.249496029
01JUL1984,12.865548114,12.864611652,0.0009364625,0.0030100241,12.858712113,12.870511191,12.661803224,12.662112386,-0.000309162,0.002573468,12.657068482,12.667156291,11.923710194,11.921804758,0.0019054361,0.0138928944,11.894575186,11.949034331,12.253289532,12.250963998,0.0023255346,0.0034819476,12.244139506,12.257788489
01OCT1984,12.868996902,12.867473424,0.0015234784,0.0030100241,12.861573885,12.873372963,12.667508987,12.664157892,0.0033510953,0.002573468,12.659113987,12.669201797,11.919966701,11.929051645,-0.009084943,0.0138928944,11.901822072,11.956281218,12.261500773,12.254377528,0.0071232454,0.0034819476,12.247553036,12.26120202
01JAN1985,12.873291532,12.871666053,0.0016254788,0.0030100241,12.865766514,12.877565592,12.674833595,12.671456898,0.0033766964,0.002573468,12.666412994,12.676500803,11.908431399,11.918147741,-0.009716342,0.0138928944,11.890918169,11.945377314,12.266701967,12.266823174,-0.000121207,0.0034819476,12.259998682,12.273647666
01APR1985,12.877250372,12.878813689,-0.001563317,0.0030100241,12.87291415,12.884713228,12.678891512,12.678825156,0.0000663553,0.002573468,12.673781252,12.683869061,11.91750551,11.920772354,-0.003266845,0.0138928944,11.893542782,11.948001927,12.276691529,12.272240677,0.0044508515,0.0034819476,12.265416185,12.279065169
01JUL1985,12.883956542,12.881848873,0.0021076681,0.0030100241,12.875949335,12.887748412,12.687154254,12.684242385,0.0029118687,0.002573468,12.679198481,12.68928629,11.914977472,11.920183114,-0.005205642,0.0138928944,11.892953541,11.947412687,12.286770737,12.28251968,0.0042510567,0.0034819476,12.275695188,12.289344172
01OCT1985,12.887200808,12.889659047,-0.002458239,0.0030100241,12.883759508,12.895558586,12.688268505,12.691951216,-0.003682712,0.002573468,12.686907312,12.696995121,11.934245881,11.926711955,0.0075339263,0.0138928944,11.899482382,11.953941527,12.288204497,12.2915749,-0.003370403,0.0034819476,12.284750408,12.298399392
01JAN1986,12.891208407,12.890618716,0.0005896908,0.0030100241,12.884719177,12.896518255,12.691929793,12.692547967,-0.000618174,0.002573468,12.687504063,12.697591872,11.936262342,11.937828006,-0.001565664,0.0138928944,11.910598434,11.965057579,12.291812687,12.293031873,-0.001219185,0.0034819476,12.286207381,12.299856365
01APR1986,12.893195646,12.892655052,0.0005405938,0.0030100241,12.886755513,12.898554591,12.696758166,12.695851312,0.0009068535,0.002573468,12.690807408,12.700895217,11.932067692,11.928782707,0.0032849849,0.0138928944,11.901553135,11.95601228,12.300552009,12.295607514,0.0049444944,0.0034819476,12.288783023,12.302432006
01JUL1986,12.897550121,12.897685994,-0.000135873,0.0030100241,12.891786455,12.903585532,12.704553726,12.70037618,0.0041775459,0.002573468,12.695332275,12.705420084,11.922102367,11.943456964,-0.021354597,0.0138928944,11.916227391,11.970686537,12.310353389,12.305901011,0.004452378,0.0034819476,12.299076519,12.312725503
01OCT1986,12.899793153,12.902605254,-0.002812101,0.0030100241,12.896705715,12.908504793,12.707323154,12.708410336,-0.001087182,0.002573468,12.703366432,12.713454241,11.925363667,11.932649302,-0.007285634,0.0138928944,11.905419729,11.959878874,12.307816827,12.31450236,-0.006685533,0.0034819476,12.307677868,12.321326852
01JAN1987,12.902818468,12.904069582,-0.001251114,0.0030100241,12.898170043,12.909969121,12.707391312,12.71195865,-0.004567338,0.002573468,12.706914746,12.717002555,11.940117867,11.930589127,0.0095287399,0.0138928944,11.903359554,11.9578187,12.310544629,12.312084689,-0.001540061,0.0034819476,12.305260197,12.318909181
01APR1987,12.907663909,12.903853682,0.0038102269,0.0030100241,12.897954143,12.909753221,12.713372923,12.711929789,0.0014431345,0.002573468,12.706885884,12.716973693,11.941809473,11.928319684,0.0134897893,0.0138928944,11.901090111,11.955549256,12.314478176,12.314229771,0.0002484049,0.0034819476,12.307405279,12.321054263
01JUL1987,12.911583701,12.911690616,-0.000106915,0.0030100241,12.905791077,12.917590154,12.718377112,12.716223514,0.002153598,0.002573468,12.71117961,12.721267419,11.94275192,11.957417011,-0.01466509,0.0138928944,11.930187438,11.984646583,12.315487528,12.316668127,-0.001180599,0.0034819476,12.309843635,12.323492618
01OCT1987,12.918695954,12.915733083,0.0029628714,0.0030100241,12.909833544,12.921632622,12.719289845,12.721110797,-0.001820953,0.002573468,12.716066893,12.726154702,11.976120618,11.958783908,0.0173367105,0.0138928944,11.931554335,11.986013481,12.320727727,12.316249821,0.004477906,0.0034819476,12.309425329,12.323074312
01JAN1988,12.921129598,12.91984847,0.0012811271,0.0030100241,12.913948932,12.925748009,12.726947152,12.722590736,0.0043564164,0.002573468,12.717546831,12.727634641,11.958372732,11.969226066,-0.010853333,0.0138928944,11.941996493,11.996455638,12.317770923,12.323029262,-0.005258339,0.0034819476,12.31620477,12.329853754
01APR1988,12.92683101,12.926083802,0.0007472079,0.0030100241,12.920184264,12.931983341,12.730119835,12.729932678,0.0001871572,0.002573468,12.724888773,12.734976582,11.970579306,11.979524001,-0.008944695,0.0138928944,11.952294428,12.006753574,12.319335123,12.317932592,0.0014025313,0.0034819476,12.3111081,12.324757084
01JUL1988,12.929332058,12.930477438,-0.00114538,0.0030100241,12.924577899,12.936376977,12.733814953,12.733308223,0.0005067294,0.002573468,12.728264319,12.738352128,11.974050903,11.979157146,-0.005106243,0.0138928944,11.951927573,12.006386718,12.319626484,12.321406479,-0.001779995,0.0034819476,12.314581988,12.328230971
01OCT1988,12.935048546,12.933311949,0.0017365969,0.0030100241,12.92741241,12.939211488,12.738756783,12.737226754,0.0015300286,0.002573468,12.732182849,12.742270659,11.983536082,11.979998877,0.0035372047,0.0138928944,11.952769304,12.00722845,12.327726652,12.321767805,0.0059588471,0.0034819476,12.314943313,12.328592296
01JAN1989,12.939404424,12.939822866,-0.000418442,0.0030100241,12.933923327,12.945722405,12.740757323,12.741498663,-0.00074134,0.002573468,12.736454759,12.746542568,12.002338881,12.001326979,0.001011902,0.0138928944,11.974097406,12.028556552,12.325761885,12.328512079,-0.002750194,0.0034819476,12.321687587,12.335336571
01APR1989,12.942806421,12.942111993,0.0006944272,0.0030100241,12.936212455,12.948011532,12.742795806,12.743055273,-0.000259467,0.002573468,12.738011369,12.748099178,12.000434077,12.009691688,-0.009257611,0.0138928944,11.982462116,12.036921261,12.332801903,12.327204527,0.0055973761,0.0034819476,12.320380035,12.334029019
01JUL1989,12.946034473,12.943461075,0.0025733987,0.0030100241,12.937561536,12.949360613,12.747093157,12.745679605,0.0014135519,0.002573468,12.7406357,12.750723509,11.998477303,11.993822538,0.0046547653,0.0138928944,11.966592965,12.021052111,12.336419705,12.333759849,0.0026598558,0.0034819476,12.326935357,12.340584341
01OCT1989,12.946953085,12.949071757,-0.002118672,0.0030100241,12.943172218,12.954971296,12.749001567,12.749395688,-0.000394121,0.002573468,12.744351784,12.754439593,11.998215732,12.006339507,-0.008123774,0.0138928944,11.979109934,12.03356908,12.338755217,12.339509109,-0.000753892,0.0034819476,12.332684618,12.346333601
01JAN1990,12.951682291,12.949220905,0.0024613859,0.0030100241,12.943321367,12.955120444,12.75271667,12.750915102,0.0018015679,0.002573468,12.745871198,12.755959007,12.004665233,12.000529332,0.004135901,0.0138928944,11.97329976,12.027758905,12.345530558,12.341390681,0.0041398771,0.0034819476,12.334566189,12.348215173
01APR1990,12.953358545,12.954375002,-0.001016457,0.0030100241,12.948475463,12.960274541,12.754072991,12.755832477,-0.001759485,0.002573468,12.750788572,12.760876381,12.006380459,12.005560467,0.000819992,0.0138928944,11.978330894,12.032790039,12.346587665,12.349254154,-0.002666489,0.0034819476,12.342429662,12.356078646
01JUL1990,12.953464909,12.955428265,-0.001963356,0.0030100241,12.949528726,12.961327804,12.755821518,12.756482012,-0.000660494,0.002573468,12.751438107,12.761525916,12.0003039,12.009169113,-0.008865213,0.0138928944,11.98193954,12.036398686,12.346333411,12.348598646,-0.002265235,0.0034819476,12.341774155,12.355423138
01OCT1990,12.949750955,12.954853527,-0.005102571,0.0030100241,12.948953988,12.960753066,12.752524757,12.758634776,-0.006110019,0.002573468,12.753590871,12.763678681,11.976625052,11.99798509,-0.021360038,0.0138928944,11.970755517,12.025214662,12.350286793,12.348043538,0.0022432553,0.0034819476,12.341219046,12.354868029
01JAN1991,12.947708133,12.949140704,-0.001432571,0.0030100241,12.943241165,12.955040243,12.751024921,12.753442387,-0.002417466,0.002573468,12.748398483,12.758486292,11.965953889,11.958813607,0.0071402824,0.0138928944,11.931584034,11.986043179,12.35241408,12.353107567,-0.000693487,0.0034819476,12.346283075,12.359932059
01APR1991,12.951065392,12.94707569,0.003989702,0.0030100241,12.941176151,12.952975229,12.754654069,12.751921227,0.0027328422,0.002573468,12.746877323,12.756965132,11.966892296,11.955894631,0.0109976653,0.0138928944,11.928665058,11.983124203,12.353954679,12.354065781,-0.000111101,0.0034819476,12.347241289,12.360890273
01JUL1991,12.953145739,12.952602079,0.0005436595,0.0030100241,12.94670254,12.958501618,12.756757785,12.755190183,0.0015676018,0.002573468,12.750146279,12.760234088,11.976579219,11.977035306,-0.000456088,0.0138928944,11.949805733,12.004264879,12.352336906,12.35521141,-0.002874503,0.0034819476,12.348386918,12.362035902
01OCT1991,12.95503317,12.955650899,-0.000617728,0.0030100241,12.94975136,12.961550437,12.756643714,12.759328738,-0.002685024,0.002573468,12.754284833,12.764372642,11.990693961,11.98454197,0.006151991,0.0138928944,11.957312397,12.011771542,12.350693717,12.353384009,-0.002690292,0.0034819476,12.346559517,12.360208501
01JAN1992,12.960137675,12.955799696,0.004337979,0.0030100241,12.949900157,12.961699235,12.764721461,12.759088712,0.0056327486,0.002573468,12.754044808,12.764132617,11.980821167,11.987078524,-0.006257357,0.0138928944,11.959848951,12.014308096,12.354050786,12.350500691,0.0035500943,0.0034819476,12.343676199,12.357325183
01APR1992,12.964895752,12.964569151,0.0003266007,0.0030100241,12.958669613,12.97046869,12.767690054,12.767846925,-0.000156871,0.002573468,12.762803021,12.77289083,12.005652315,12.000012599,0.0056397161,0.0138928944,11.972783026,12.027242172,12.353493073,12.354131264,-0.000638191,0.0034819476,12.347306772,12.360955756
01JUL1992,12.969098929,12.969054939,0.0000439907,0.0030100241,12.9631554,12.974954478,12.772365721,12.770895071,0.0014706499,0.002573468,12.765851166,12.775938976,12.010384771,12.02112043,-0.010735658,0.0138928944,11.993890857,12.048350002,12.355719639,12.354563141,0.0011564971,0.0034819476,12.34773865,12.361387633
01OCT1992,12.97342806,12.97242836,0.0009996995,0.0030100241,12.966528821,12.978327899,12.777506569,12.776022675,0.0014838939,0.002573468,12.77097877,12.781066579,12.024485668,12.015680968,0.0088046999,0.0138928944,11.988451395,12.04291054,12.354780499,12.355754516,-0.000974017,0.0034819476,12.348930024,12.362579008
01JAN1993,12.974239886,12.978938871,-0.004698986,0.0030100241,12.973039333,12.98483841,12.779148981,12.781403051,-0.00225407,0.002573468,12.776359147,12.786446956,12.034989216,12.046662236,-0.011673019,0.0138928944,12.019432663,12.073891809,12.34982127,12.356595919,-0.006774649,0.0034819476,12.349771427,12.36342041
01APR1993,12.976812918,12.977118288,-0.000305369,0.0030100241,12.971218749,12.983017827,12.783031258,12.782292404,0.000738854,0.002573468,12.777248499,12.787336308,12.039215766,12.040649605,-0.001433839,0.0138928944,12.013420032,12.067879178,12.350306179,12.350679036,-0.000372857,0.0034819476,12.343854544,12.357503528
01JUL1993,12.978924254,12.980442088,-0.001517834,0.0030100241,12.97454255,12.986341627,12.787800409,12.786916603,0.0008838055,0.002573468,12.781872699,12.791960508,12.039770927,12.048399311,-0.008628384,0.0138928944,12.021169738,12.075628884,12.35123569,12.351194748,0.0000409418,0.0034819476,12.344370256,12.35801924
01OCT1993,12.984684801,12.983647003,0.0010377982,0.0030100241,12.977747464,12.989546542,12.7916275,12.791334065,0.0002934346,0.002573468,12.786290161,12.79637797,12.061829307,12.057468297,0.0043610099,0.0138928944,12.030238725,12.08469787,12.352182518,12.351879614,0.0003029038,0.0034819476,12.345055122,12.358704106
01JAN1994,12.988924431,12.98807662,0.0008478111,0.0030100241,12.982177081,12.993976159,12.796581271,12.795432586,0.0011486849,0.002573468,12.790388681,12.80047649,12.079940597,12.072221318,0.0077192789,0.0138928944,12.044991746,12.099450891,12.346763599,12.352029216,-0.005265616,0.0034819476,12.345204724,12.358853708
01APR1994,12.99481848,12.993310457,0.0015080232,0.0030100241,12.987410918,12.999209996,12.799932992,12.800814193,-0.000881201,0.002573468,12.795770288,12.805858097,12.102124856,12.098065807,0.0040590492,0.0138928944,12.070836234,12.125295379,12.349296959,12.346668154,0.0026288046,0.0034819476,12.339843662,12.353492646
01JUL1994,12.997373277,12.997815973,-0.000442696,0.0030100241,12.991916434,13.003715511,12.803286369,12.803735084,-0.000448715,0.002573468,12.798691179,12.808778988,12.097465554,12.110329342,-0.012863788,0.0138928944,12.08309977,12.137558915,12.356542112,12.34933707,0.0072050424,0.0034819476,12.342512578,12.356161561
01OCT1994,13.002274082,13.000150596,0.0021234854,0.0030100241,12.994251058,13.006050135,12.807933963,12.806346513,0.0015874494,0.002573468,12.801302609,12.811390418,12.116342039,12.100943418,0.015398621,0.0138928944,12.073713845,12.128172991,12.352606954,12.357039617,-0.004432663,0.0034819476,12.350215125,12.363864109
01JAN1995,13.003757715,13.005705094,-0.001947379,0.0030100241,12.999805555,13.011604633,12.809081391,12.810663125,-0.001581734,0.002573468,12.80561922,12.815707029,12.122969094,12.132705587,-0.009736492,0.0138928944,12.105476014,12.159935159,12.353493073,12.352936642,0.0005564311,0.0034819476,12.34611215,12.359761134
01APR1995,13.005270624,13.005496815,-0.000226191,0.0030100241,12.999597276,13.011396354,12.812960124,12.811887638,0.0010724864,0.002573468,12.806843733,12.816931542,12.115210977,12.121184971,-0.005973994,0.0138928944,12.093955398,12.148414543,12.355757928,12.355953503,-0.000195576,0.0034819476,12.349129011,12.362777995
01JUL1995,13.008974696,13.008653839,0.0003208563,0.0030100241,13.002754301,13.014553378,12.8169237,12.81647123,0.0004524702,0.002573468,12.811427325,12.821515134,12.115011071,12.121169637,-0.006158566,0.0138928944,12.093940065,12.14839921,12.354569392,12.357263486,-0.002694093,0.0034819476,12.350438994,12.364087977
01OCT1995,13.012043808,13.012303719,-0.000259912,0.0030100241,13.00640418,13.018203258,12.819964866,12.819315655,0.0006492104,0.002573468,12.814271751,12.82435956,12.12567641,12.12723316,-0.001556749,0.0138928944,12.100003587,12.154462733,12.350654979,12.354952313,-0.004297334,0.0034819476,12.348127821,12.361776805
01JAN1996,13.014885797,13.01545143,-0.000565633,0.0030100241,13.009551891,13.021350969,12.823976051,12.823673333,0.0003027182,0.002573468,12.818629429,12.828717238,12.132003393,12.134667902,-0.002664509,0.0138928944,12.107438329,12.161897474,12.351564415,12.351273736,0.0002906791,0.0034819476,12.344449244,12.358098228
01APR1996,13.022403624,13.019353869,0.0030497558,0.0030100241,13.01345433,13.025253407,12.82866634,12.827266154,0.0014001864,0.002573468,12.822222249,12.832310058,12.151859956,12.146471683,0.0053882728,0.0138928944,12.11924211,12.173701255,12.358467864,12.352047513,0.0064203512,0.0034819476,12.345223021,12.358872005
01JUL1996,13.026402507,13.026508934,-0.000106426,0.0030100241,13.020609395,13.032408472,12.83127453,12.831494045,-0.000219515,0.002573468,12.82645014,12.836537949,12.168615322,12.166423635,0.002191687,0.0138928944,12.139194063,12.193653208,12.358924215,12.358898008,0.0000262071,0.0034819476,12.352073516,12.3657225
01OCT1996,13.030967886,13.028986587,0.0019812999,0.0030100241,13.023087048,13.034886125,12.834674974,12.834133161,0.0005418132,0.002573468,12.829089257,12.839177066,12.170261715,12.177511077,-0.007249361,0.0138928944,12.150281504,12.20474065,12.362086453,12.35864446,0.0034419928,0.0034819476,12.351819968,12.365468952
01JAN1997,13.034263384,13.032329665,0.0019337184,0.0030100241,13.026430126,13.038229204,12.839232863,12.837404436,0.0018284262,0.002573468,12.832360532,12.842448341,12.182414652,12.169491159,0.0129234936,0.0138928944,12.142261586,12.196720732,12.361973237,12.362774014,-0.000800776,0.0034819476,12.355949522,12.369598506
01APR1997,13.040768432,13.03818283,0.0025856023,0.0030100241,13.032283291,13.044082369,12.841196736,12.842481746,-0.00128501,0.002573468,12.837437841,12.84752565,12.201369809,12.195188992,0.0061808173,0.0138928944,12.167959419,12.222418565,12.366478992,12.365578811,0.0009001804,0.0034819476,12.358754319,12.372403303
01JUL1997,13.04626098,13.042103575,0.0041574054,0.0030100241,13.036204036,13.048003114,12.848564727,12.842918704,0.0056460233,0.002573468,12.837874799,12.847962608,12.210933535,12.200190226,0.0107433098,0.0138928944,12.172960653,12.227419798,12.367169489,12.367476572,-0.000307083,0.0034819476,12.36065208,12.374301064
01OCT1997,13.049617235,13.051230876,-0.001613641,0.0030100241,13.045331337,13.057130415,12.853692129,12.85268246,0.0010096694,0.002573468,12.847638555,12.857726364,12.216245098,12.231807081,-0.015561983,0.0138928944,12.204577508,12.259036654,12.367821652,12.36843194,-0.000610288,0.0034819476,12.361607448,12.375256432
01JAN1998,13.053892463,13.054289267,-0.000396805,0.0030100241,13.048389729,13.060188806,12.858152057,12.85697783,0.0011742269,0.002573468,12.851933925,12.862021734,12.233579857,12.231649561,0.0019302958,0.0138928944,12.204419988,12.258879134,12.365300749,12.369528948,-0.004228199,0.0034819476,12.362704456,12.37635344
01APR1998,13.058084225,13.058721595,-0.00063737,0.0030100241,13.052822056,13.064621134,12.865755224,12.862708244,0.0030469801,0.002573468,12.857664339,12.867752149,12.229118455,12.244071837,-0.014953381,0.0138928944,12.216842264,12.27130141,12.37401474,12.368044077,0.0059706634,0.0034819476,12.361219585,12.374868569
01JUL1998,13.063731061,13.06431089,-0.000579828,0.0030100241,13.058411351,13.070210428,12.871426979,12.870797321,0.0006296577,0.002573468,12.865753416,12.875841226,12.240499327,12.247934866,-0.00743554,0.0138928944,12.220705293,12.275164439,12.37796157,12.37623971,0.0017218599,0.0034819476,12.369415218,12.383064202
01OCT1998,13.070802291,13.069506852,0.0012954394,0.0030100241,13.063607313,13.07540639,12.877762841,12.876050719,0.0017121215,0.002573468,12.871006815,12.881094624,12.253919261,12.257165755,-0.003246495,0.0138928944,12.229936182,12.284395328,12.381908906,12.380098662,0.0018102441,0.0034819476,12.37327417,12.386923154
01JAN1999,13.074256762,13.07527605,-0.001019289,0.0030100241,13.069376511,13.081175589,12.881880873,12.882947493,-0.00106662,0.002573468,12.877903588,12.887991397,12.267312558,12.264113059,0.0031994986,0.0138928944,12.236883487,12.291342632,12.383474257,12.383982022,-0.000507765,0.0034819476,12.37715753,12.390806514
01APR1999,13.077821951,13.079075803,-0.001253852,0.0030100241,13.073176264,13.084975342,12.88826376,12.886779947,0.0014838128,0.002573468,12.881736043,12.891823852,12.266184642,12.278467682,-0.01228304,0.0138928944,12.251238109,12.305697255,12.385909995,12.387212998,-0.001303003,0.0034819476,12.380388506,12.394037489
01JUL1999,13.083255303,13.082896624,0.0003586787,0.0030100241,13.076997085,13.088796163,12.893167876,12.89249804,0.0006698359,0.002573468,12.887454135,12.897541944,12.276668562,12.279042042,-0.00237348,0.0138928944,12.251812469,12.306271615,12.390988067,12.388823033,0.0021650341,0.0034819476,12.381998541,12.395647524
01OCT1999,13.090727021,13.088093591,0.0026334302,0.0030100241,13.082194052,13.09399313,12.89949767,12.897615751,0.0018819185,0.002573468,12.892571847,12.902659656,12.289900962,12.287557563,0.0023433988,0.0138928944,12.26032799,12.314787136,12.397366361,12.394648893,0.0027174686,0.0034819476,12.387824401,12.401473385
01JAN2000,13.091986846,13.095045756,-0.00305891,0.0030100241,13.089146217,13.100945295,12.906060153,12.90419607,0.001864083,0.002573468,12.899152166,12.909239975,12.289120518,12.299977848,-0.01085733,0.0138928944,12.272748275,12.327207421,12.393785719,12.399368101,-0.005582381,0.0034819476,12.392543609,12.406192593
01APR2000,13.10011196,13.098597697,0.0015142622,0.0030100241,13.092698159,13.104497236,12.910208051,12.910956388,-0.000748337,0.002573468,12.905912484,12.916000293,12.316347829,12.312839913,0.003507916,0.0138928944,12.28561034,12.340069485,12.399050382,12.396334489,0.0027158925,0.0034819476,12.389509997,12.403158981
01JUL2000,13.100635866,13.103963123,-0.003327256,0.0030100241,13.098063584,13.109862661,12.914411919,12.914635084,-0.000223165,0.002573468,12.90959118,12.919678989,12.312980862,12.31985643,-0.006875568,0.0138928944,12.292626857,12.347086002,12.39814842,12.402875469,-0.004727049,0.0034819476,12.396050977,12.409699961
01OCT2000,13.103095278,13.105739013,-0.002643735,0.0030100241,13.099839474,13.111638551,12.91826106,12.918990672,-0.000729612,0.002573468,12.913946767,12.924034576,12.314204406,12.326716732,-0.012512326,0.0138928944,12.299487159,12.353946304,12.399500661,12.400318014,-0.000817353,0.0034819476,12.393493522,12.407142506
01JAN2001,13.101860443,13.10669253,-0.004832087,0.0030100241,13.100792991,13.112592069,12.920092006,12.922024288,-0.001932282,0.002573468,12.916980384,12.927068193,12.293914741,12.323387258,-0.029472517,0.0138928944,12.296157686,12.350616831,12.40590957,12.400254692,0.0056548782,0.0034819476,12.3934302,12.407079184
01APR2001,13.104155801,13.104914639,-0.000758838,0.0030100241,13.0990151,13.110814178,12.921207708,12.923538695,-0.002330987,0.002573468,12.91849479,12.9285826,12.29380436,12.290802557,0.0030018026,0.0138928944,12.263572985,12.31803213,12.4143716,12.409875639,0.0044959619,0.0034819476,12.403051147,12.41670013
01JUL2001,13.102780043,13.105785464,-0.003005421,0.0030100241,13.099885925,13.111685003,12.922787718,12.924196841,-0.001409123,0.002573468,12.919152937,12.929240746,12.287196878,12.289645687,-0.002448808,0.0138928944,12.262416114,12.31687526,12.414070414,12.41654622,-0.002475806,0.0034819476,12.409721728,12.423370712
01OCT2001,13.103984924,13.10484064,-0.000855716,0.0030100241,13.098941101,13.110740179,12.929372939,12.925068279,0.0043046597,0.002573468,12.920024375,12.930112184,12.265454636,12.290818353,-0.025363717,0.0138928944,12.26358878,12.318047926,12.420351882,12.417051296,0.0033005859,0.0034819476,12.410226804,12.423875788
01JAN2002,13.107965934,13.108278175,-0.000312241,0.0030100241,13.102378636,13.114177713,12.93067401,12.933485114,-0.002811105,0.002573468,12.92844121,12.938529019,12.281033367,12.27409787,0.0069354975,0.0138928944,12.246868297,12.301327442,12.426722664,12.424471669,0.0022509954,0.0034819476,12.417647177,12.431296161
01APR2002,13.110353983,13.111025982,-0.000671999,0.0030100241,13.105126443,13.116925521,12.932884527,12.934601742,-0.001717215,0.002573468,12.929557837,12.939645646,12.284566077,12.279559263,0.0050068143,0.0138928944,12.25232969,12.306788836,12.430864843,12.43174698,-0.000882136,0.0034819476,12.424922488,12.438571471
01JUL2002,13.112464235,13.111927546,0.0005366895,0.0030100241,13.106028007,13.117827084,12.935910136,12.936580948,-0.000670812,0.002573468,12.931537044,12.941624853,12.285084503,12.28201878,0.0030657233,0.0138928944,12.254789207,12.309248353,12.434217494,12.431908959,0.0023085355,0.0034819476,12.425084467,12.438733451
01OCT2002,13.112739022,13.114926111,-0.002187089,0.0030100241,13.109026572,13.12082565,12.938239445,12.938918307,-0.000678863,0.002573468,12.933874403,12.943962212,12.287017501,12.290691463,-0.003673962,0.0138928944,12.263461891,12.317921036,12.437290665,12.437245201,0.0000454638,0.0034819476,12.430420709,12.444069693
01JAN2003,13.11498441,13.114969522,0.0000148884,0.0030100241,13.109069983,13.120869061,12.940142791,12.941336102,-0.001193311,0.002573468,12.936292198,12.946380007,12.292300385,12.286517185,0.0057832002,0.0138928944,12.259287612,12.313746757,12.435892123,12.441705745,-0.005813622,0.0034819476,12.434881254,12.448530237
01APR2003,13.118995102,13.116732207,0.0022628951,0.0030100241,13.110832668,13.122631746,12.94495126,12.942831867,0.0021193925,0.002573468,12.937787963,12.947875772,12.294576439,12.292296468,0.0022799715,0.0138928944,12.265066895,12.31952604,12.44266787,12.438007607,0.0046602635,0.0034819476,12.431183115,12.444832099
01JUL2003,13.126209359,13.122003895,0.004205464,0.0030100241,13.116104356,13.127903434,12.951308371,12.949222802,0.0020855689,0.002573468,12.944178897,12.954266706,12.311393565,12.300679118,0.0107144469,0.0138928944,12.273449545,12.327908691,12.44266787,12.445042622,-0.002374751,0.0034819476,12.43821813,12.451867113
01OCT2003,13.131256066,13.13051608,0.0007399865,0.0030100241,13.124616541,13.136415619,12.954666945,12.954811111,-0.000144166,0.002573468,12.949767207,12.959855016,12.328950132,12.328548119,0.0004020133,0.0138928944,12.301318546,12.355777692,12.445027875,12.443541766,0.0014861087,0.0034819476,12.436717274,12.450366258
01JAN2004,13.133746426,13.134509967,-0.000763541,0.0030100241,13.128610428,13.140409506,12.95886955,12.958716274,0.0001532757,0.002573468,12.953672369,12.963760178,12.333487578,12.335521718,-0.00203414,0.0138928944,12.308292146,12.362751291,12.446210858,12.446120947,0.0000899103,0.0034819476,12.439296455,12.452945439
01APR2004,13.136917065,13.137749571,-0.000832507,0.0030100241,13.131850033,13.14364911,12.961682067,12.962672285,-0.000990219,0.002573468,12.957628381,12.96771619,12.354012346,12.342390442,0.011621904,0.0138928944,12.315160869,12.369620014,12.448690864,12.448331396,0.0003594688,0.0034819476,12.441506904,12.455155887
01JUL2004,13.140847301,13.140399504,0.0004477976,0.0030100241,13.134499965,13.146299043,12.965812953,12.964612151,0.0012008018,0.002573468,12.959568247,12.969656056,12.363856319,12.364311962,-0.000455642,0.0138928944,12.337082389,12.391541534,12.450356899,12.451599519,-0.00124262,0.0034819476,12.444775027,12.45842401
01OCT2004,13.14458666,13.143661711,0.0009249498,0.0030100241,13.137762172,13.149561249,12.970244568,12.969079952,0.001164616,0.002573468,12.964036047,12.974123856,12.376722914,12.370432597,0.0062903165,0.0138928944,12.343203025,12.39766217,12.448428035,12.452103207,-0.003675172,0.0034819476,12.445278715,12.458927699
01JAN2005,13.149191391,13.148036929,0.0011544618,0.0030100241,13.14213739,13.153936468,12.9735527,12.974599619,-0.001046919,0.002573468,12.969555714,12.979643523,12.393610296,12.388693141,0.0049171551,0.0138928944,12.361463568,12.415922714,12.449339526,12.449517607,-0.000178081,0.0034819476,12.442693115,12.456342099
01APR2005,13.151452594,13.15162894,-0.000176346,0.0030100241,13.145729401,13.157528479,12.978249012,12.977380268,0.0008687443,0.002573468,12.972336363,12.982424172,12.39260903,12.397062163,-0.004453133,0.0138928944,12.369832591,12.424291736,12.45007967,12.450561541,-0.000481871,0.0034819476,12.443737049,12.457386033
01JUL2005,13.15508693,13.155552517,-0.000465587,0.0030100241,13.149652978,13.161452056,12.981601179,12.982037851,-0.000436672,0.002573468,12.976993946,12.987081755,12.402639613,12.404940967,-0.002301354,0.0138928944,12.377711395,12.43217054,12.453471234,12.450764983,0.0027062509,0.0034819476,12.443940491,12.457589475
01OCT2005,13.157559512,13.158475807,-0.000916295,0.0030100241,13.152576268,13.164375345,12.983233757,12.984983731,-0.001749975,0.002573468,12.979939827,12.990027636,12.421027776,12.410837749,0.0101900265,0.0138928944,12.383608176,12.438067322,12.451893845,12.454822793,-0.002928948,0.0034819476,12.447998301,12.461647285
01JAN2006,13.162746569,13.159989481,0.0027570883,0.0030100241,13.154089942,13.165889019,12.988077131,12.986288839,0.0017882924,0.002573468,12.981244934,12.991332743,12.431315507,12.425761279,0.0055542272,0.0138928944,12.398531707,12.452990852,12.455377877,12.45342624,0.0019516372,0.0034819476,12.446601748,12.460250732
01APR2006,13.164043385,13.165505588,-0.001462202,0.0030100241,13.159606049,13.171405126,12.990383259,12.991428399,-0.00104514,0.002573468,12.986384495,12.996472304,12.430880946,12.440638996,-0.00975805,0.0138928944,12.413409424,12.467868569,12.456988177,12.456069496,0.0009186816,0.0034819476,12.449245004,12.462893988
01JUL2006,13.164430189,13.16667304,-0.002242851,0.0030100241,13.160773501,13.172572578,12.992911233,12.993488614,-0.000577381,0.002573468,12.988444709,12.998532518,12.42884723,12.435524231,-0.006677,0.0138928944,12.408294658,12.462753803,12.457942421,12.458478861,-0.000536439,0.0034819476,12.451654369,12.465303353
01OCT2006,13.167816339,13.166654873,0.0011614663,0.0030100241,13.160755334,13.172554411,12.997316472,12.996200611,0.0011158612,0.002573468,12.991156706,13.001244516,12.421867056,12.429549847,-0.007682792,0.0138928944,12.402320275,12.45677942,12.460762574,12.459433516,0.0013290583,0.0034819476,12.452609024,12.466258008
01JAN2007,13.168084796,13.171169327,-0.003084531,0.0030100241,13.165269788,13.177068866,12.999595918,13.000168192,-0.000572274,0.002573468,12.995124288,13.005212097,12.420648745,12.429081606,-0.00843286,0.0138928944,12.401852033,12.456311178,12.459799448,12.463162273,-0.003362825,0.0034819476,12.456337781,12.469986765
01APR2007,13.171395855,13.17171471,-0.000318856,0.0030100241,13.165815171,13.177614249,13.001067052,13.00348182,-0.002414767,0.002573468,12.998437915,13.008525724,12.4268202,12.428339618,-0.001519418,0.0138928944,12.401110045,12.455569191,12.463445032,12.46156944,0.0018755914,0.0034819476,12.454744949,12.468393932
01JUL2007,13.174306991,13.173124166,0.0011828257,0.0030100241,13.167224627,13.179023705,13.002994967,13.003690953,-0.000695986,0.002573468,12.998647049,13.008734858,12.424587654,12.424812432,-0.000224778,0.0138928944,12.397582859,12.452042005,12.466571072,12.464436108,0.0021349646,0.0034819476,12.457611616,12.4712606
01OCT2007,13.17585378,13.176300709,-0.000446929,0.0030100241,13.17040117,13.182200248,13.003538078,13.005123105,-0.001585027,0.002573468,13.0000792,13.010167009,12.416740334,12.428291028,-0.011550694,0.0138928944,12.401061455,12.455520601,12.468317786,12.46735192,0.0009658655,0.0034819476,12.460527428,12.474176412
01JAN2008,13.172880114,13.176154491,-0.003274377,0.0030100241,13.170254952,13.18205403,13.002641149,13.004948649,-0.0023075,0.002573468,12.999904745,13.009992554,12.402605242,12.412511921,-0.009906679,0.0138928944,12.385282348,12.439741494,12.470116353,12.468173799,0.0019425538,0.0034819476,12.461349307,12.474998291
01APR2008,13.175030286,13.173527436,0.0015028492,0.0030100241,13.167627898,13.179426975,13.003370045,13.003765028,-0.000394983,0.002573468,12.998721123,13.008808932,12.396774537,12.395733024,0.0010415134,0.0138928944,12.368503451,12.422962596,12.47348697,12.472715442,0.0007715278,0.0034819476,12.46589095,12.479539934
01JUL2008,13.172941362,13.175533555,-0.002592193,0.0030100241,13.169634016,13.181433094,13.000221434,13.003432887,-0.003211453,0.002573468,12.998388982,13.008476791,12.386659455,12.39304741,-0.006387954,0.0138928944,12.365817837,12.420276982,12.479460136,12.475370382,0.0040897536,0.0034819476,12.46854589,12.482194874
01OCT2008,13.163668154,13.172048906,-0.008380753,0.0030100241,13.166149368,13.177948445,12.994963493,13.000845938,-0.005882445,0.002573468,12.995802033,13.005889842,12.350848635,12.374071962,-0.023223326,0.0138928944,12.346842389,12.401301534,12.482287462,12.481316042,0.0009714199,0.0034819476,12.47449155,12.488140534
01JAN2009,13.157607853,13.161010706,-0.003402853,0.0030100241,13.155111167,13.166910245,12.993471502,12.994578024,-0.001106522,0.002573468,12.989534119,12.999621928,12.294928933,12.327444573,-0.032515639,0.0138928944,12.300215,12.354674145,12.482945008,12.483804926,-0.000859919,0.0034819476,12.476980434,12.490629418
01APR2009,13.157021349,13.15585298,0.0011683686,0.0030100241,13.149953441,13.161752519,12.991509604,12.992386779,-0.000877175,0.002573468,12.987342874,12.997430683,12.261476989,12.278020184,-0.016543195,0.0138928944,12.250790611,12.305249756,12.490800952,12.485748075,0.0050528767,0.0034819476,12.478923583,12.492572567
01JUL2009,13.158437884,13.155273057,0.0031648268,0.0030100241,13.149373518,13.161172596,12.994136709,12.992182698,0.0019540111,0.002573468,12.987138793,12.997226603,12.25197871,12.240706622,0.011272088,0.0138928944,12.213477049,12.267936195,12.493179121,12.493944539,-0.000765419,0.0034819476,12.487120047,12.500769031
01OCT2009,13.162621154,13.160435899,0.0021852546,0.0030100241,13.15453636,13.166335438,12.994088285,12.995426517,-0.001338232,0.002573468,12.990382613,13.000470422,12.28510703,12.257917506,0.0271895237,0.0138928944,12.230687933,12.285147079,12.492313296,12.49388219,-0.001568893,0.0034819476,12.487057698,12.500706682
01JAN2010,13.164495614,13.164846125,-0.000350511,0.0030100241,13.158946586,13.170745664,12.996410967,12.994295154,0.0021158129,0.002573468,12.98925125,12.999339059,12.298743943,12.296695649,0.002048294,0.0138928944,12.269466077,12.323925222,12.489156614,12.493450187,-0.004293573,0.0034819476,12.486625695,12.500274679
01APR2010,13.168671284,13.16691367,0.0017576147,0.0030100241,13.161014131,13.172813209,12.999930507,12.998346406,0.0015841011,0.002573468,12.993302502,13.003390311,12.320706974,12.307801896,0.0129050787,0.0138928944,12.280572323,12.335031468,12.492229415,12.490041512,0.0021879039,0.0034819476,12.48321702,12.496866003
01JUL2010,13.171594829,13.171262749,0.0003320807,0.0030100241,13.16536321,13.177162287,13.002731788,13.002810439,-0.000078651,0.002573468,12.997766535,13.007854344,12.335377654,12.33215882,0.0032188342,0.0138928944,12.304929247,12.359388393,12.49185175,12.493200114,-0.001348364,0.0034819476,12.486375622,12.500024606
01OCT2010,13.174321527,13.173312905,0.001008622,0.0030100241,13.167413366,13.179212444,13.007154377,13.005330679,0.0018236988,0.002573468,13.000286774,13.010374583,12.333749462,12.339813098,-0.006063635,0.0138928944,12.312583525,12.36704267,12.48735052,12.492099774,-0.004749254,0.0034819476,12.485275282,12.498924266
01JAN2011,13.172640872,13.176798072,-0.0041572,0.0030100241,13.170898533,13.182697611,13.009327644,13.010889401,-0.001561757,0.002573468,13.005845497,13.015933306,12.327052265,12.341860486,-0.014808221,0.0138928944,12.314630913,12.369090059,12.478883804,12.486332659,-0.007448855,0.0034819476,12.479508167,12.493157151
01APR2011,13.175790044,13.176118614,-0.00032857,0.0030100241,13.170219075,13.182018153,13.010202399,13.013326385,-0.003123986,0.002573468,13.008282481,13.01837029,12.344922536,12.334862174,0.0100603623,0.0138928944,12.307632601,12.362091746,12.478422188,12.479815608,-0.00139342,0.0034819476,12.472991116,12.486640099
01JUL2011,13.176701737,13.178223956,-0.001522218,0.0030100241,13.172324417,13.184123495,13.012086047,13.012975955,-0.000889908,0.002573468,13.007932051,13.01801986,12.34795417,12.348155188,-0.000201018,0.0138928944,12.320925616,12.375384761,12.475671188,12.478278511,-0.002607323,0.0034819476,12.471454019,12.485103003
01OCT2011,13.181566351,13.179944804,0.0016215466,0.0030100241,13.174045266,13.185844343,13.013545011,13.013981839,-0.000436827,0.002573468,13.008937934,13.019025743,12.379341783,12.364132753,0.0152090296,0.0138928944,12.336903181,12.391362326,12.473968441,12.473141075,0.0008273664,0.0034819476,12.466316583,12.479965567
01JAN2012,13.184435888,13.182996422,0.0014394664,0.0030100241,13.177096883,13.188895961,13.016155512,13.015682435,0.0004730769,0.002573468,13.010638531,13.02072634,12.391076318,12.389942435,0.0011338826,0.0138928944,12.362712863,12.417172008,12.47183424,12.471419659,0.0004145808,0.0034819476,12.464595168,12.478244151
01APR2012,13.186459069,13.185934807,0.0005242615,0.0030100241,13.180035269,13.191834346,13.016891335,13.018049004,-0.001157669,0.002573468,13.0130051,13.023092909,12.403943698,12.398409196,0.0055345021,0.0138928944,12.371179624,12.425638769,12.469733676,12.470577471,-0.000843795,0.0034819476,12.463752979,12.477401963
01JUL2012,13.186978925,13.187416603,-0.000437678,0.0030100241,13.181517064,13.193316142,13.018038569,13.019071461,-0.001032892,0.002573468,13.014027557,13.024115366,12.403103355,12.407178521,-0.004075166,0.0138928944,12.379948948,12.434408094,12.468480257,12.46816575,0.0003145078,0.0034819476,12.461341258,12.474990241
01OCT2012,13.18707774,13.187607823,-0.000530083,0.0030100241,13.181708285,13.193507362,13.01924926,13.019692119,-0.000442859,0.002573468,13.014648215,13.024736024,12.401624524,12.402086762,-0.000462238,0.0138928944,12.374857189,12.429316335,12.46423611,12.46796218,-0.00372607,0.0034819476,12.461137688,12.474786672
01JAN2013,13.189130826,13.18866568,0.0004651467,0.0030100241,13.182766141,13.194565218,13.021941425,13.020866177,0.0010752479,0.002573468,13.015822272,13.025910081,12.411333449,12.407452069,0.0038813792,0.0138928944,12.380222497,12.434681642,12.459211494,12.463524228,-0.004312734,0.0034819476,12.456699736,12.47034872
01APR2013,13.190337302,13.191656929,-0.001319627,0.0030100241,13.18575739,13.197556468,13.023429435,13.024236505,-0.00080707,0.002573468,13.0191926,13.029280409,12.418367591,12.422166917,-0.003799326,0.0138928944,12.394937344,12.449396489,12.456988177,12.458678643,-0.001690465,0.0034819476,12.451854151,12.465503134
01JUL2013,13.193525301,13.193047228,0.0004780729,0.0030100241,13.187147689,13.198946767,13.025260795,13.025797188,-0.000536393,0.002573468,13.020753283,13.030841092,12.433209609,12.42783322,0.0053763888,0.0138928944,12.400603647,12.455062793,12.454555234,12.455790171,-0.001234937,0.0034819476,12.448965679,12.462614663
01OCT2013,13.197597546,13.195723099,0.0018744474,0.0030100241,13.18982356,13.201622638,13.028993955,13.027643348,0.0013506072,0.002573468,13.022599444,13.032687253,12.439316901,12.442544222,-0.003227321,0.0138928944,12.415314649,12.469773794,12.451556183,12.452281174,-0.000724991,0.0034819476,12.445456682,12.459105666
01JAN2014,13.196587892,13.200065813,-0.00347792,0.0030100241,13.194166274,13.205965351,13.030385153,13.031194314,-0.000809162,0.002573468,13.02615041,13.036238219,12.439506377,12.452564672,-0.013058295,0.0138928944,12.425335099,12.479794245,12.451540829,12.449091771,0.0024490572,0.0034819476,12.442267279,12.455916263
01APR2014,13.201438094,13.199450508,0.0019875856,0.0030100241,13.193550969,13.205350047,13.034480057,13.033322865,0.0011571927,0.002573468,13.02827896,13.038366769,12.453562944,12.447038039,0.0065249053,0.0138928944,12.419808466,12.474267612,12.452782788,12.45131517,0.0014676183,0.0034819476,12.444490678,12.458139661
01JUL2014,13.205983445,13.204540619,0.0014428263,0.0030100241,13.19864108,13.210440158,13.038166956,13.0366166,0.0015503565,0.002573468,13.031572695,13.041660504,12.463922836,12.464202211,-0.000279375,0.0138928944,12.436972638,12.491431784,12.454722936,12.452895909,0.0018270267,0.0034819476,12.446071417,12.459720401
01OCT2014,13.208210173,13.209312342,-0.001102169,0.0030100241,13.203412803,13.215211881,13.042705427,13.041184405,0.0015210221,0.002573468,13.0361405,13.046228309,12.46793352,12.476974451,-0.009040931,0.0138928944,12.449744878,12.504204024,12.453165393,12.454823309,-0.001657916,0.0034819476,12.447998817,12.461647801
01JAN2015,13.208906039,13.211840685,-0.002934646,0.0030100241,13.205941146,13.217740224,13.044586793,13.046871929,-0.002285135,0.002573468,13.041828024,13.051915833,12.476527313,12.479094882,-0.002567569,0.0138928944,12.451865309,12.506324455,12.453088899,12.453176648,-0.00008775,0.0034819476,12.446352156,12.46000114
01APR2015,13.213081916,13.212235066,0.0008468498,0.0030100241,13.206335527,13.218134605,13.048399071,13.047761712,0.0006373588,0.002573468,13.042717808,13.052805617,12.480797157,12.482721258,-0.0019241,0.0138928944,12.455491685,12.50995083,12.455895039,12.455404472,0.0004905667,0.0034819476,12.448579981,12.462228964
01JUL2015,13.215214429,13.216045294,-0.000830865,0.0030100241,13.210145755,13.221944833,13.051630948,13.051622726,8.2222637E-6,0.002573468,13.046578821,13.05666663,12.481528619,12.486492142,-0.004963523,0.0138928944,12.459262569,12.513721714,12.457836498,12.457014351,0.0008221469,0.0034819476,12.450189859,12.463838843
01OCT2015,13.21670942,13.21838461,-0.00167519,0.0030100241,13.212485071,13.224284149,13.054256741,13.055262425,-0.001005684,0.002573468,13.05021852,13.060306329,12.481528619,12.491175578,-0.009646959,0.0138928944,12.463946005,12.518405151,12.457972681,12.458387523,-0.000414842,0.0034819476,12.451563031,12.465212015
01JAN2016,,13.219128759,,0.0030100241,13.21322922,13.225028298,,13.057361305,,0.002573468,13.052317401,13.06240521,,12.484296995,,0.0138928944,12.457067423,12.511526568,,12.458931309,,0.0034819476,12.452106817,12.4657558
01APR2016,,13.222375412,,0.0047855379,13.21299593,13.231754893,,13.06045035,,0.0040580978,13.052496624,13.068404075,,12.491398097,,0.0227646574,12.446780188,12.536016006,,12.461088822,,0.0051249645,12.451044076,12.471133568
01JUL2016,,13.225448198,,0.0065580319,13.212594692,13.238301704,,13.063566347,,0.0055115365,13.052763934,13.07436876,,12.499010672,,0.030801482,12.438640876,12.559380467,,12.46241318,,0.0065078681,12.449657993,12.475168367
01OCT2016,,13.228379319,,0.0081364755,13.21243212,13.244326518,,13.066618417,,0.0071117988,13.052679547,13.080557286,,12.506979351,,0.0370724002,12.434318781,12.57963992,,12.463157248,,0.0079924406,12.447492353,12.478822144
01JAN2017,,13.231167959,,0.0097431824,13.212071672,13.250264245,,13.06964571,,0.0085949228,13.052799971,13.086491449,,12.514122113,,0.0435072389,12.428849492,12.599394734,,12.464314512,,0.0097772999,12.445151357,12.483477668
01APR2017,,13.233915444,,0.0111781925,13.212006589,13.255824299,,13.072709832,,0.0099788642,13.053151617,13.092268046,,12.52023714,,0.0491180006,12.423967628,12.616506652,,12.465808584,,0.0114449536,12.443376887,12.488240281
01JUL2017,,13.236676919,,0.012536392,13.212106042,13.261247795,,13.075753674,,0.0112748659,13.053655343,13.097852005,,12.526582152,,0.0543985663,12.419962921,12.633201382,,12.467083537,,0.0130406346,12.441524363,12.492642711
01OCT2017,,13.239402621,,0.0138082402,13.212338967,13.266466274,,13.07881281,,0.0124973854,13.054318385,13.103307235,,12.532931404,,0.0595793571,12.41615801,12.649704799,,12.468308782,,0.0145819979,12.439728591,12.496888972
01JAN2018,,13.242137401,,0.0149745869,13.21278775,13.271487052,,13.081929487,,0.0136435089,13.055188701,13.108670273,,12.539126228,,0.0644002101,12.412904136,12.665348321,,12.469637103,,0.0161300914,12.438022704,12.501251501
01APR2018,,13.244953978,,0.0160800616,13.213437637,13.27647032,,13.085068214,,0.0147211666,13.056215258,13.11392117,,12.545589682,,0.069009314,12.410333912,12.680845452,,12.471015136,,0.0176321157,12.436456824,12.505573448
01JUL2018,,13.247790884,,0.0171267605,13.214223051,13.281358718,,13.088217869,,0.0157376284,13.057372684,13.119063054,,12.552172222,,0.0734071026,12.408296945,12.6960475,,12.472359955,,0.0190713246,12.434980846,12.509739064
01OCT2018,,13.250626325,,0.0181086395,13.215134044,13.286118606,,13.091395686,,0.0167012359,13.058661866,13.124129507,,12.558745782,,0.0775661316,12.406718958,12.710772606,,12.473688236,,0.0204629301,12.43358163,12.513794842
